# lattice: square
# precision: 15
# Lx Ly Jx Jy T 1/T F/N E/N C/N
32 32 1.000000000000000e+00 1.000000000000000e+00 2.000000000000000e+00 5.000000000000000e-01 -2.052939428934603e+00 -1.745564527034573e+00 7.248739781986853e-01
32 32 1.000000000000000e+00 1.000000000000000e+00 2.010000000000000e+00 4.975124378109453e-01 -2.054494555525657e+00 -1.738219029934352e+00 7.443465402940205e-01
32 32 1.000000000000000e+00 1.000000000000000e+00 2.020000000000000e+00 4.950495049504952e-01 -2.056086716744209e+00 -1.730675081620760e+00 7.645737105014117e-01
32 32 1.000000000000000e+00 1.000000000000000e+00 2.029999999999999e+00 4.926108374384238e-01 -2.057716730819667e+00 -1.722924839456713e+00 7.856160272111045e-01
32 32 1.000000000000000e+00 1.000000000000000e+00 2.039999999999999e+00 4.901960784313728e-01 -2.059385448105707e+00 -1.714959816447425e+00 8.075420487076465e-01
32 32 1.000000000000000e+00 1.000000000000000e+00 2.049999999999999e+00 4.878048780487808e-01 -2.061093753974377e+00 -1.706770793787139e+00 8.304298563393260e-01
32 32 1.000000000000000e+00 1.000000000000000e+00 2.059999999999999e+00 4.854368932038838e-01 -2.062842572119624e+00 -1.698347716686325e+00 8.543689074311871e-01
32 32 1.000000000000000e+00 1.000000000000000e+00 2.069999999999999e+00 4.830917874396139e-01 -2.064632868350585e+00 -1.689679569604168e+00 8.794623145007598e-01
32 32 1.000000000000000e+00 1.000000000000000e+00 2.079999999999998e+00 4.807692307692312e-01 -2.066465654973157e+00 -1.680754226230807e+00 9.058296284441354e-01
32 32 1.000000000000000e+00 1.000000000000000e+00 2.089999999999998e+00 4.784688995215315e-01 -2.068341995879815e+00 -1.671558268845807e+00 9.336101877367829e-01
32 32 1.000000000000000e+00 1.000000000000000e+00 2.099999999999998e+00 4.761904761904767e-01 -2.070263012490984e+00 -1.662076771263323e+00 9.629670476966501e-01
32 32 1.000000000000000e+00 1.000000000000000e+00 2.109999999999998e+00 4.739336492891000e-01 -2.072229890714456e+00 -1.652293039899202e+00 9.940913985600501e-01
32 32 1.000000000000000e+00 1.000000000000000e+00 2.119999999999997e+00 4.716981132075477e-01 -2.074243889106984e+00 -1.642188309309103e+00 1.027207181195437e+00
32 32 1.000000000000000e+00 1.000000000000000e+00 2.129999999999997e+00 4.694835680751180e-01 -2.076306348424961e+00 -1.631741393043210e+00 1.062575262862838e+00
32 32 1.000000000000000e+00 1.000000000000000e+00 2.139999999999997e+00 4.672897196261689e-01 -2.078418702723035e+00 -1.620928299622607e+00 1.100495977603245e+00
32 32 1.000000000000000e+00 1.000000000000000e+00 2.149999999999997e+00 4.651162790697682e-01 -2.080582492075460e+00 -1.609721839324185e+00 1.141307998814350e+00
32 32 1.000000000000000e+00 1.000000000000000e+00 2.159999999999997e+00 4.629629629629637e-01 -2.082799376817863e+00 -1.598091273311705e+00 1.185380351969535e+00
32 32 1.000000000000000e+00 1.000000000000000e+00 2.169999999999996e+00 4.608294930875584e-01 -2.085071152886919e+00 -1.586002095610288e+00 1.233092930739808e+00
32 32 1.000000000000000e+00 1.000000000000000e+00 2.179999999999996e+00 4.587155963302760e-01 -2.087399767311543e+00 -1.573416092461144e+00 1.284799366390734e+00
32 32 1.000000000000000e+00 1.000000000000000e+00 2.189999999999996e+00 4.566210045662109e-01 -2.089787332121835e+00 -1.560291891045848e+00 1.340765056351673e+00
32 32 1.000000000000000e+00 1.000000000000000e+00 2.199999999999996e+00 4.545454545454554e-01 -2.092236133856835e+00 -1.546586281108194e+00 1.401073600516412e+00
32 32 1.000000000000000e+00 1.000000000000000e+00 2.209999999999996e+00 4.524886877828063e-01 -2.094748634506042e+00 -1.532256646361259e+00 1.465498388506965e+00
32 32 1.000000000000000e+00 1.000000000000000e+00 2.219999999999995e+00 4.504504504504514e-01 -2.097327458287222e+00 -1.517264837868937e+00 1.533344503228286e+00
32 32 1.000000000000000e+00 1.000000000000000e+00 2.229999999999995e+00 4.484304932735436e-01 -2.099975357532039e+00 -1.501582701922464e+00 1.603280772621674e+00
32 32 1.000000000000000e+00 1.000000000000000e+00 2.239999999999995e+00 4.464285714285725e-01 -2.102695150764695e+00 -1.485199179896791e+00 1.673201732404789e+00
32 32 1.000000000000000e+00 1.000000000000000e+00 2.249999999999995e+00 4.444444444444455e-01 -2.105489627652912e+00 -1.468128397626113e+00 1.740178901331095e+00
32 32 1.000000000000000e+00 1.000000000000000e+00 2.259999999999994e+00 4.424778761061958e-01 -2.108361419652228e+00 -1.450417512229544e+00 1.800568732696485e+00
32 32 1.000000000000000e+00 1.000000000000000e+00 2.269999999999994e+00 4.405286343612346e-01 -2.111312842061130e+00 -1.432152474692476e+00 1.850326322876497e+00
32 32 1.000000000000000e+00 1.000000000000000e+00 2.279999999999994e+00 4.385964912280713e-01 -2.114345721919130e+00 -1.413459613947387e+00 1.885520469500616e+00
32 32 1.000000000000000e+00 1.000000000000000e+00 2.289999999999994e+00 4.366812227074248e-01 -2.117461234335388e+00 -1.394501379042507e+00 1.902966021811101e+00
32 32 1.000000000000000e+00 1.000000000000000e+00 2.299999999999994e+00 4.347826086956534e-01 -2.120659774095699e+00 -1.375465805186666e+00 1.900816613344821e+00
32 32 1.000000000000000e+00 1.000000000000000e+00 2.309999999999993e+00 4.329004329004341e-01 -2.123940886894433e+00 -1.356551005733944e+00 1.878939201543376e+00
32 32 1.000000000000000e+00 1.000000000000000e+00 2.319999999999993e+00 4.310344827586219e-01 -2.127303274668129e+00 -1.337947565137089e+00 1.838947249004832e+00
32 32 1.000000000000000e+00 1.000000000000000e+00 2.329999999999993e+00 4.291845493562245e-01 -2.130744874843507e+00 -1.319822396531245e+00 1.783883878631797e+00
32 32 1.000000000000000e+00 1.000000000000000e+00 2.339999999999993e+00 4.273504273504287e-01 -2.134262998723804e+00 -1.302307102706371e+00 1.717663682711153e+00
32 32 1.000000000000000e+00 1.000000000000000e+00 2.349999999999993e+00 4.255319148936184e-01 -2.137854504525388e+00 -1.285492416641929e+00 1.644444740986823e+00
32 32 1.000000000000000e+00 1.000000000000000e+00 2.359999999999992e+00 4.237288135593234e-01 -2.141515978177762e+00 -1.269428585708104e+00 1.568089924692697e+00
32 32 1.000000000000000e+00 1.000000000000000e+00 2.369999999999992e+00 4.219409282700436e-01 -2.145243899223868e+00 -1.254130273002426e+00 1.491811102504607e+00
32 32 1.000000000000000e+00 1.000000000000000e+00 2.379999999999992e+00 4.201680672268922e-01 -2.149034777172214e+00 -1.239584003158079e+00 1.418013350812166e+00
32 32 1.000000000000000e+00 1.000000000000000e+00 2.389999999999992e+00 4.184100418410057e-01 -2.152885252231824e+00 -1.225756309242443e+00 1.348301387856796e+00
32 32 1.000000000000000e+00 1.000000000000000e+00 2.399999999999991e+00 4.166666666666681e-01 -2.156792161225480e+00 -1.212601253955784e+00 1.283587886549496e+00
32 32 1.000000000000000e+00 1.000000000000000e+00 2.409999999999991e+00 4.149377593361011e-01 -2.160752573716705e+00 -1.200066602536509e+00 1.224246400988325e+00
32 32 1.000000000000000e+00 1.000000000000000e+00 2.419999999999991e+00 4.132231404958693e-01 -2.164763805170054e+00 -1.188098423580990e+00 1.170267507846261e+00
32 32 1.000000000000000e+00 1.000000000000000e+00 2.429999999999991e+00 4.115226337448575e-01 -2.168823413991666e+00 -1.176644216899527e+00 1.121394689114704e+00
32 32 1.000000000000000e+00 1.000000000000000e+00 2.439999999999991e+00 4.098360655737721e-01 -2.172929188343756e+00 -1.165654826846277e+00 1.077230723438146e+00
32 32 1.000000000000000e+00 1.000000000000000e+00 2.449999999999990e+00 4.081632653061241e-01 -2.177079127303844e+00 -1.155085442600223e+00 1.037314358150887e+00
32 32 1.000000000000000e+00 1.000000000000000e+00 2.459999999999990e+00 4.065040650406520e-01 -2.181271419629492e+00 -1.144895963459742e+00 1.001171540101571e+00
32 32 1.000000000000000e+00 1.000000000000000e+00 2.469999999999990e+00 4.048582995951434e-01 -2.185504422280213e+00 -1.135050955156512e+00 9.683469561415331e-01
32 32 1.000000000000000e+00 1.000000000000000e+00 2.479999999999990e+00 4.032258064516145e-01 -2.189776639997680e+00 -1.125519365790524e+00 9.384214255000980e-01
32 32 1.000000000000000e+00 1.000000000000000e+00 2.489999999999990e+00 4.016064257028129e-01 -2.194086706640068e+00 -1.116274118935121e+00 9.110197478697218e-01
32 32 1.000000000000000e+00 1.000000000000000e+00 2.499999999999989e+00 4.000000000000017e-01 -2.198433368562348e+00 -1.107291660977521e+00 8.858125010662278e-01
32 32 1.000000000000000e+00 1.000000000000000e+00 2.509999999999989e+00 3.984063745019937e-01 -2.202815470081891e+00 -1.098551510011260e+00 8.625142730809653e-01
32 32 1.000000000000000e+00 1.000000000000000e+00 2.519999999999989e+00 3.968253968253986e-01 -2.207231940923040e+00 -1.090035832973801e+00 8.408800041835180e-01
32 32 1.000000000000000e+00 1.000000000000000e+00 2.529999999999989e+00 3.952569169960492e-01 -2.211681785459746e+00 -1.081729064133066e+00 8.207005142264172e-01
32 32 1.000000000000000e+00 1.000000000000000e+00 2.539999999999988e+00 3.937007874015766e-01 -2.216164073546103e+00 -1.073617569515829e+00 8.017978686897257e-01
32 32 1.000000000000000e+00 1.000000000000000e+00 2.549999999999988e+00 3.921568627450999e-01 -2.220677932722293e+00 -1.065689356849533e+00 7.840209539400843e-01
32 32 1.000000000000000e+00 1.000000000000000e+00 2.559999999999988e+00 3.906250000000018e-01 -2.225222541596007e+00 -1.057933827866445e+00 7.672414497111115e-01
32 32 1.000000000000000e+00 1.000000000000000e+00 2.569999999999988e+00 3.891050583657606e-01 -2.229797124219338e+00 -1.050341568550122e+00 7.513502740510069e-01
32 32 1.000000000000000e+00 1.000000000000000e+00 2.579999999999988e+00 3.875968992248081e-01 -2.234400945303392e+00 -1.042904172513854e+00 7.362545097483768e-01
32 32 1.000000000000000e+00 1.000000000000000e+00 2.589999999999987e+00 3.861003861003880e-01 -2.239033306135210e+00 -1.035614092811293e+00 7.218747850401438e-01
32 32 1.000000000000000e+00 1.000000000000000e+00 2.599999999999987e+00 3.846153846153865e-01 -2.243693541082115e+00 -1.028464517850851e+00 7.081430639322034e-01
32 32 1.000000000000000e+00 1.000000000000000e+00 2.609999999999987e+00 3.831417624521092e-01 -2.248381014587030e+00 -1.021449267570276e+00 6.950007952318397e-01
32 32 1.000000000000000e+00 1.000000000000000e+00 2.619999999999987e+00 3.816793893129790e-01 -2.253095118574286e+00 -1.014562706539841e+00 6.823973695673133e-01
32 32 1.000000000000000e+00 1.000000000000000e+00 2.629999999999987e+00 3.802281368821312e-01 -2.257835270199025e+00 -1.007799671153938e+00 6.702888372209455e-01
32 32 1.000000000000000e+00 1.000000000000000e+00 2.639999999999986e+00 3.787878787878807e-01 -2.262600909884767e+00 -1.001155408517957e+00 6.586368446821708e-01
32 32 1.000000000000000e+00 1.000000000000000e+00 2.649999999999986e+00 3.773584905660397e-01 -2.267391499603304e+00 -9.946255250306788e-01 6.474077533559167e-01
32 32 1.000000000000000e+00 1.000000000000000e+00 2.659999999999986e+00 3.759398496240621e-01 -2.272206521358957e+00 -9.882059430008912e-01 6.365719092411667e-01
32 32 1.000000000000000e+00 1.000000000000000e+00 2.669999999999986e+00 3.745318352059945e-01 -2.277045475845844e+00 -9.818928639236648e-01 6.261030373226957e-01
32 32 1.000000000000000e+00 1.000000000000000e+00 2.679999999999986e+00 3.731343283582110e-01 -2.281907881252149e+00 -9.756827372820833e-01 6.159777387700270e-01
32 32 1.000000000000000e+00 1.000000000000000e+00 2.689999999999985e+00 3.717472118959128e-01 -2.286793272189832e+00 -9.695722339400050e-01 6.061750727872781e-01
32 32 1.000000000000000e+00 1.000000000000000e+00 2.699999999999985e+00 3.703703703703724e-01 -2.291701198731853e+00 -9.635582233566629e-01 5.966762081351646e-01
