# lattice: square
# precision: 15
# Lx Ly Jx Jy T 1/T F/N E/N C/N
1024 1024 1.000000000000000e+00 1.000000000000000e+00 2.000000000000000e+00 5.000000000000000e-01 -2.051586947463163e+00 -1.745564575312554e+00 7.248714486015750e-01
1024 1024 1.000000000000000e+00 1.000000000000000e+00 2.010000000000000e+00 4.975124378109453e-01 -2.053135311330176e+00 -1.738219111143207e+00 7.443423493151988e-01
1024 1024 1.000000000000000e+00 1.000000000000000e+00 2.020000000000000e+00 4.950495049504952e-01 -2.054720709612043e+00 -1.730675217124072e+00 7.645668296476676e-01
1024 1024 1.000000000000000e+00 1.000000000000000e+00 2.029999999999999e+00 4.926108374384238e-01 -2.056343960403708e+00 -1.722925063641480e+00 7.856048389257310e-01
1024 1024 1.000000000000000e+00 1.000000000000000e+00 2.039999999999999e+00 4.901960784313728e-01 -2.058005913844820e+00 -1.714960184027859e+00 8.075240454920679e-01
1024 1024 1.000000000000000e+00 1.000000000000000e+00 2.049999999999999e+00 4.878048780487808e-01 -2.059707454970891e+00 -1.706771390716256e+00 8.304012149614834e-01
1024 1024 1.000000000000000e+00 1.000000000000000e+00 2.059999999999999e+00 4.854368932038838e-01 -2.061449506953829e+00 -1.698348676069132e+00 8.543239106463952e-01
1024 1024 1.000000000000000e+00 1.000000000000000e+00 2.069999999999999e+00 4.830917874396139e-01 -2.063233034805351e+00 -1.689681094209394e+00 8.793926109653677e-01
1024 1024 1.000000000000000e+00 1.000000000000000e+00 2.079999999999998e+00 4.807692307692312e-01 -2.065059049634812e+00 -1.680756619072497e+00 9.057233728860854e-01
1024 1024 1.000000000000000e+00 1.000000000000000e+00 2.089999999999998e+00 4.784688995215315e-01 -2.066928613576955e+00 -1.671561972377099e+00 9.334512195946459e-01
1024 1024 1.000000000000000e+00 1.000000000000000e+00 2.099999999999998e+00 4.761904761904767e-01 -2.068842845536504e+00 -1.662082413094371e+00 9.627345023406571e-01
1024 1024 1.000000000000000e+00 1.000000000000000e+00 2.109999999999998e+00 4.739336492891000e-01 -2.070802927939332e+00 -1.652301476998586e+00 9.937605932172823e-01
1024 1024 1.000000000000000e+00 1.000000000000000e+00 2.119999999999997e+00 4.716981132075477e-01 -2.072810114738020e+00 -1.642200650560062e+00 1.026753428014834e+00
1024 1024 1.000000000000000e+00 1.000000000000000e+00 2.129999999999997e+00 4.694835680751180e-01 -2.074865741001037e+00 -1.631758957081924e+00 1.061983671034773e+00
1024 1024 1.000000000000000e+00 1.000000000000000e+00 2.139999999999997e+00 4.672897196261689e-01 -2.076971234529986e+00 -1.620952423405132e+00 1.099782677708089e+00
1024 1024 1.000000000000000e+00 1.000000000000000e+00 2.149999999999997e+00 4.651162790697682e-01 -2.079128130116930e+00 -1.609753380705651e+00 1.140562096069463e+00
1024 1024 1.000000000000000e+00 1.000000000000000e+00 2.159999999999997e+00 4.629629629629637e-01 -2.081338087303217e+00 -1.598129529347241e+00 1.184842081523399e+00
1024 1024 1.000000000000000e+00 1.000000000000000e+00 2.169999999999996e+00 4.608294930875584e-01 -2.083602912883556e+00 -1.586042658953150e+00 1.233293107631581e+00
1024 1024 1.000000000000000e+00 1.000000000000000e+00 2.179999999999996e+00 4.587155963302760e-01 -2.085924590005001e+00 -1.573446848385257e+00 1.286800080554680e+00
1024 1024 1.000000000000000e+00 1.000000000000000e+00 2.189999999999996e+00 4.566210045662109e-01 -2.088305316709354e+00 -1.560285851001370e+00 1.346564756512767e+00
1024 1024 1.000000000000000e+00 1.000000000000000e+00 2.199999999999996e+00 4.545454545454554e-01 -2.090747558493928e+00 -1.546489144098465e+00 1.414277691343230e+00
1024 1024 1.000000000000000e+00 1.000000000000000e+00 2.209999999999996e+00 4.524886877828063e-01 -2.093254122624931e+00 -1.531965661265006e+00 1.492425393700211e+00
1024 1024 1.000000000000000e+00 1.000000000000000e+00 2.219999999999995e+00 4.504504504504514e-01 -2.095828268150653e+00 -1.516593207560968e+00 1.584884468874401e+00
1024 1024 1.000000000000000e+00 1.000000000000000e+00 2.229999999999995e+00 4.484304932735436e-01 -2.098473878964427e+00 -1.500199035845854e+00 1.698200114101140e+00
1024 1024 1.000000000000000e+00 1.000000000000000e+00 2.239999999999995e+00 4.464285714285725e-01 -2.101195760047733e+00 -1.482519791978824e+00 1.844786546418555e+00
1024 1024 1.000000000000000e+00 1.000000000000000e+00 2.249999999999995e+00 4.444444444444455e-01 -2.104000213287103e+00 -1.463102732587116e+00 2.053077025388564e+00
1024 1024 1.000000000000000e+00 1.000000000000000e+00 2.259999999999994e+00 4.424778761061958e-01 -2.106896433143589e+00 -1.440968600434409e+00 2.418040152759877e+00
1024 1024 1.000000000000000e+00 1.000000000000000e+00 2.269999999999994e+00 4.405286343612346e-01 -2.109902514561926e+00 -1.411882243181481e+00 3.628783821305374e+00
1024 1024 1.000000000000000e+00 1.000000000000000e+00 2.279999999999994e+00 4.385964912280713e-01 -2.113044773207739e+00 -1.383584461356500e+00 2.339455423895322e+00
1024 1024 1.000000000000000e+00 1.000000000000000e+00 2.289999999999994e+00 4.366812227074248e-01 -2.116292611403238e+00 -1.361991217897548e+00 2.015277334177014e+00
1024 1024 1.000000000000000e+00 1.000000000000000e+00 2.299999999999994e+00 4.347826086956534e-01 -2.119628899001087e+00 -1.342866387696372e+00 1.822368686457363e+00
1024 1024 1.000000000000000e+00 1.000000000000000e+00 2.309999999999993e+00 4.329004329004341e-01 -2.123044618664633e+00 -1.325364028912176e+00 1.684623947499027e+00
1024 1024 1.000000000000000e+00 1.000000000000000e+00 2.319999999999993e+00 4.310344827586219e-01 -2.126533378551645e+00 -1.309072778200026e+00 1.577596619463377e+00
1024 1024 1.000000000000000e+00 1.000000000000000e+00 2.329999999999993e+00 4.291845493562245e-01 -2.130090211127156e+00 -1.293747218989205e+00 1.490186727239330e+00
1024 1024 1.000000000000000e+00 1.000000000000000e+00 2.339999999999993e+00 4.273504273504287e-01 -2.133711051214306e+00 -1.279223865345056e+00 1.416404644388145e+00
1024 1024 1.000000000000000e+00 1.000000000000000e+00 2.349999999999993e+00 4.255319148936184e-01 -2.137392459168616e+00 -1.265385845483669e+00 1.352646902731917e+00
1024 1024 1.000000000000000e+00 1.000000000000000e+00 2.359999999999992e+00 4.237288135593234e-01 -2.141131455673790e+00 -1.252145384230342e+00 1.296575654578767e+00
1024 1024 1.000000000000000e+00 1.000000000000000e+00 2.369999999999992e+00 4.219409282700436e-01 -2.144925414974163e+00 -1.239434104995661e+00 1.246587368582301e+00
1024 1024 1.000000000000000e+00 1.000000000000000e+00 2.379999999999992e+00 4.201680672268922e-01 -2.148771991762246e+00 -1.227197219210992e+00 1.201534066407138e+00
1024 1024 1.000000000000000e+00 1.000000000000000e+00 2.389999999999992e+00 4.184100418410057e-01 -2.152669068854394e+00 -1.215389830073339e+00 1.160565471391161e+00
1024 1024 1.000000000000000e+00 1.000000000000000e+00 2.399999999999991e+00 4.166666666666681e-01 -2.156614718416960e+00 -1.203974467914580e+00 1.123034124669894e+00
1024 1024 1.000000000000000e+00 1.000000000000000e+00 2.409999999999991e+00 4.149377593361011e-01 -2.160607172411239e+00 -1.192919383070287e+00 1.088435539236235e+00
1024 1024 1.000000000000000e+00 1.000000000000000e+00 2.419999999999991e+00 4.132231404958693e-01 -2.164644799532975e+00 -1.182197325679983e+00 1.056368926298461e+00
1024 1024 1.000000000000000e+00 1.000000000000000e+00 2.429999999999991e+00 4.115226337448575e-01 -2.168726086862010e+00 -1.171784650182846e+00 1.026510549896067e+00
1024 1024 1.000000000000000e+00 1.000000000000000e+00 2.439999999999991e+00 4.098360655737721e-01 -2.172849625012914e+00 -1.161660643133155e+00 9.985951294295523e-01
1024 1024 1.000000000000000e+00 1.000000000000000e+00 2.449999999999990e+00 4.081632653061241e-01 -2.177014095943101e+00 -1.151807008735575e+00 9.724025381025991e-01
1024 1024 1.000000000000000e+00 1.000000000000000e+00 2.459999999999990e+00 4.065040650406520e-01 -2.181218262815487e+00 -1.142207468356526e+00 9.477480843105789e-01
1024 1024 1.000000000000000e+00 1.000000000000000e+00 2.469999999999990e+00 4.048582995951434e-01 -2.185460961475043e+00 -1.132847444070979e+00 9.244752765411393e-01
1024 1024 1.000000000000000e+00 1.000000000000000e+00 2.479999999999990e+00 4.032258064516145e-01 -2.189741093211128e+00 -1.123713805277163e+00 9.024503469085448e-01
1024 1024 1.000000000000000e+00 1.000000000000000e+00 2.489999999999990e+00 4.016064257028129e-01 -2.194057618557267e+00 -1.114794663395096e+00 8.815580439015690e-01
1024 1024 1.000000000000000e+00 1.000000000000000e+00 2.499999999999989e+00 4.000000000000017e-01 -2.198409551937367e+00 -1.106079203745800e+00 8.616983568307857e-01
1024 1024 1.000000000000000e+00 1.000000000000000e+00 2.509999999999989e+00 3.984063745019937e-01 -2.202795957009571e+00 -1.097557546548071e+00 8.427839347598453e-01
1024 1024 1.000000000000000e+00 1.000000000000000e+00 2.519999999999989e+00 3.968253968253986e-01 -2.207215942590552e+00 -1.089220630982111e+00 8.247380303201197e-01
1024 1024 1.000000000000000e+00 1.000000000000000e+00 2.529999999999989e+00 3.952569169960492e-01 -2.211668659066640e+00 -1.081060117718980e+00 8.074928452542363e-01
1024 1024 1.000000000000000e+00 1.000000000000000e+00 2.539999999999988e+00 3.937007874015766e-01 -2.216153295216428e+00 -1.073068306374688e+00 7.909881869879936e-01
1024 1024 1.000000000000000e+00 1.000000000000000e+00 2.549999999999988e+00 3.921568627450999e-01 -2.220669075383751e+00 -1.065238065133056e+00 7.751703685623931e-01
1024 1024 1.000000000000000e+00 1.000000000000000e+00 2.559999999999988e+00 3.906250000000018e-01 -2.225215256950742e+00 -1.057562770370964e+00 7.599913008379977e-01
1024 1024 1.000000000000000e+00 1.000000000000000e+00 2.569999999999988e+00 3.891050583657606e-01 -2.229791128069595e+00 -1.050036254566772e+00 7.454077379776012e-01
1024 1024 1.000000000000000e+00 1.000000000000000e+00 2.579999999999988e+00 3.875968992248081e-01 -2.234396005618459e+00 -1.042652761115875e+00 7.313806461410131e-01
1024 1024 1.000000000000000e+00 1.000000000000000e+00 2.589999999999987e+00 3.861003861003880e-01 -2.239029233352657e+00 -1.035406904943055e+00 7.178746719912581e-01
1024 1024 1.000000000000000e+00 1.000000000000000e+00 2.599999999999987e+00 3.846153846153865e-01 -2.243690180226837e+00 -1.028293638009028e+00 7.048576926395468e-01
1024 1024 1.000000000000000e+00 1.000000000000000e+00 2.609999999999987e+00 3.831417624521092e-01 -2.248378238867373e+00 -1.021308218972270e+00 6.923004324860691e-01
1024 1024 1.000000000000000e+00 1.000000000000000e+00 2.619999999999987e+00 3.816793893129790e-01 -2.253092824177501e+00 -1.014446186397333e+00 6.801761353574910e-01
1024 1024 1.000000000000000e+00 1.000000000000000e+00 2.629999999999987e+00 3.802281368821312e-01 -2.257833372060035e+00 -1.007703335004946e+00 6.684602826234637e-01
1024 1024 1.000000000000000e+00 1.000000000000000e+00 2.639999999999986e+00 3.787878787878807e-01 -2.262599338244732e+00 -1.001075694543055e+00 6.571303497571684e-01
1024 1024 1.000000000000000e+00 1.000000000000000e+00 2.649999999999986e+00 3.773584905660397e-01 -2.267390197209073e+00 -9.945595109261240e-01 6.461655952079471e-01
1024 1024 1.000000000000000e+00 1.000000000000000e+00 2.659999999999986e+00 3.759398496240621e-01 -2.272205441182670e+00 -9.881512293454420e-01 6.355468765662921e-01
1024 1024 1.000000000000000e+00 1.000000000000000e+00 2.669999999999986e+00 3.745318352059945e-01 -2.277044579226902e+00 -9.818474790988672e-01 6.252564898887881e-01
1024 1024 1.000000000000000e+00 1.000000000000000e+00 2.679999999999986e+00 3.731343283582110e-01 -2.281907136382217e+00 -9.756450599260240e-01 6.152780287630688e-01
1024 1024 1.000000000000000e+00 1.000000000000000e+00 2.689999999999985e+00 3.717472118959128e-01 -2.286792652876673e+00 -9.695409296662221e-01 6.055962602682710e-01
1024 1024 1.000000000000000e+00 1.000000000000000e+00 2.699999999999985e+00 3.703703703703724e-01 -2.291700683389906e+00 -9.635321930823566e-01 5.961970154537690e-01
