# lattice: square
# precision: 15
# Lx Ly Jx Jy T 1/T F/N E/N C/N
4 4 1.000000000000000e+00 1.000000000000000e+00 2.000000000000000e+00 5.000000000000000e-01 -2.138170889841448e+00 -1.755380288777435e+00 6.055326572100547e-01
4 4 1.000000000000000e+00 1.000000000000000e+00 2.010000000000000e+00 4.975124378109453e-01 -2.140100027066846e+00 -1.749282249294969e+00 6.140605679917212e-01
4 4 1.000000000000000e+00 1.000000000000000e+00 2.020000000000000e+00 4.950495049504952e-01 -2.142059713964648e+00 -1.743099383493050e+00 6.224966570770480e-01
4 4 1.000000000000000e+00 1.000000000000000e+00 2.029999999999999e+00 4.926108374384238e-01 -2.144050216901903e+00 -1.736832647453671e+00 6.308333576139621e-01
4 4 1.000000000000000e+00 1.000000000000000e+00 2.039999999999999e+00 4.901960784313728e-01 -2.146071794725766e+00 -1.730483072713373e+00 6.390631484829488e-01
4 4 1.000000000000000e+00 1.000000000000000e+00 2.049999999999999e+00 4.878048780487808e-01 -2.148124698505470e+00 -1.724051765717685e+00 6.471785719520158e-01
4 4 1.000000000000000e+00 1.000000000000000e+00 2.059999999999999e+00 4.854368932038838e-01 -2.150209171282428e+00 -1.717539907098892e+00 6.551722513425975e-01
4 4 1.000000000000000e+00 1.000000000000000e+00 2.069999999999999e+00 4.830917874396139e-01 -2.152325447829108e+00 -1.710948750777417e+00 6.630369086291188e-01
4 4 1.000000000000000e+00 1.000000000000000e+00 2.079999999999998e+00 4.807692307692312e-01 -2.154473754417347e+00 -1.704279622887865e+00 6.707653818945816e-01
4 4 1.000000000000000e+00 1.000000000000000e+00 2.089999999999998e+00 4.784688995215315e-01 -2.156654308596684e+00 -1.697533920531547e+00 6.783506425646728e-01
4 4 1.000000000000000e+00 1.000000000000000e+00 2.099999999999998e+00 4.761904761904767e-01 -2.158867318983337e+00 -1.690713110358087e+00 6.857858123436017e-01
4 4 1.000000000000000e+00 1.000000000000000e+00 2.109999999999998e+00 4.739336492891000e-01 -2.161112985060328e+00 -1.683818726979498e+00 6.930641797760451e-01
4 4 1.000000000000000e+00 1.000000000000000e+00 2.119999999999997e+00 4.716981132075477e-01 -2.163391496989324e+00 -1.676852371220792e+00 7.001792163613960e-01
4 4 1.000000000000000e+00 1.000000000000000e+00 2.129999999999997e+00 4.694835680751180e-01 -2.165703035434642e+00 -1.669815708212002e+00 7.071245921486867e-01
4 4 1.000000000000000e+00 1.000000000000000e+00 2.139999999999997e+00 4.672897196261689e-01 -2.168047771399884e+00 -1.662710465327127e+00 7.138941907433732e-01
4 4 1.000000000000000e+00 1.000000000000000e+00 2.149999999999997e+00 4.651162790697682e-01 -2.170425866077597e+00 -1.655538429976242e+00 7.204821236603326e-01
4 4 1.000000000000000e+00 1.000000000000000e+00 2.159999999999997e+00 4.629629629629637e-01 -2.172837470712336e+00 -1.648301447257587e+00 7.268827439611630e-01
4 4 1.000000000000000e+00 1.000000000000000e+00 2.169999999999996e+00 4.608294930875584e-01 -2.175282726477431e+00 -1.641001417477117e+00 7.330906591178687e-01
4 4 1.000000000000000e+00 1.000000000000000e+00 2.179999999999996e+00 4.587155963302760e-01 -2.177761764365761e+00 -1.633640293543503e+00 7.391007430495603e-01
4 4 1.000000000000000e+00 1.000000000000000e+00 2.189999999999996e+00 4.566210045662109e-01 -2.180274705094733e+00 -1.626220078247114e+00 7.449081472835395e-01
4 4 1.000000000000000e+00 1.000000000000000e+00 2.199999999999996e+00 4.545454545454554e-01 -2.182821659025683e+00 -1.618742821431929e+00 7.505083111972743e-01
4 4 1.000000000000000e+00 1.000000000000000e+00 2.209999999999996e+00 4.524886877828063e-01 -2.185402726097819e+00 -1.611210617069812e+00 7.558969713030896e-01
4 4 1.000000000000000e+00 1.000000000000000e+00 2.219999999999995e+00 4.504504504504514e-01 -2.188017995776800e+00 -1.603625600246847e+00 7.610701695429904e-01
4 4 1.000000000000000e+00 1.000000000000000e+00 2.229999999999995e+00 4.484304932735436e-01 -2.190667547017991e+00 -1.595989944071792e+00 7.660242605667195e-01
4 4 1.000000000000000e+00 1.000000000000000e+00 2.239999999999995e+00 4.464285714285725e-01 -2.193351448244408e+00 -1.588305856516936e+00 7.707559179719996e-01
4 4 1.000000000000000e+00 1.000000000000000e+00 2.249999999999995e+00 4.444444444444455e-01 -2.196069757339278e+00 -1.580575577201792e+00 7.752621394918043e-01
4 4 1.000000000000000e+00 1.000000000000000e+00 2.259999999999994e+00 4.424778761061958e-01 -2.198822521653147e+00 -1.572801374130235e+00 7.795402511193300e-01
4 4 1.000000000000000e+00 1.000000000000000e+00 2.269999999999994e+00 4.405286343612346e-01 -2.201609778025370e+00 -1.564985540391719e+00 7.835879101673612e-01
4 4 1.000000000000000e+00 1.000000000000000e+00 2.279999999999994e+00 4.385964912280713e-01 -2.204431552819822e+00 -1.557130390837212e+00 7.874031072642480e-01
4 4 1.000000000000000e+00 1.000000000000000e+00 2.289999999999994e+00 4.366812227074248e-01 -2.207287861974597e+00 -1.549238258740465e+00 7.909841672946494e-01
4 4 1.000000000000000e+00 1.000000000000000e+00 2.299999999999994e+00 4.347826086956534e-01 -2.210178711065431e+00 -1.541311492455092e+00 7.943297492984270e-01
4 4 1.000000000000000e+00 1.000000000000000e+00 2.309999999999993e+00 4.329004329004341e-01 -2.213104095382551e+00 -1.533352452077795e+00 7.974388453465037e-01
4 4 1.000000000000000e+00 1.000000000000000e+00 2.319999999999993e+00 4.310344827586219e-01 -2.216064000020589e+00 -1.525363506127856e+00 8.003107784173936e-01
4 4 1.000000000000000e+00 1.000000000000000e+00 2.329999999999993e+00 4.291845493562245e-01 -2.219058399981238e+00 -1.517347028252720e+00 8.029451993029803e-01
4 4 1.000000000000000e+00 1.000000000000000e+00 2.339999999999993e+00 4.273504273504287e-01 -2.222087260288178e+00 -1.509305393969276e+00 8.053420825763766e-01
4 4 1.000000000000000e+00 1.000000000000000e+00 2.349999999999993e+00 4.255319148936184e-01 -2.225150536113898e+00 -1.501240977449957e+00 8.075017216589446e-01
4 4 1.000000000000000e+00 1.000000000000000e+00 2.359999999999992e+00 4.237288135593234e-01 -2.228248172917905e+00 -1.493156148362538e+00 8.094247230271607e-01
4 4 1.000000000000000e+00 1.000000000000000e+00 2.369999999999992e+00 4.219409282700436e-01 -2.231380106595866e+00 -1.485053268771960e+00 8.111119996034234e-01
4 4 1.000000000000000e+00 1.000000000000000e+00 2.379999999999992e+00 4.201680672268922e-01 -2.234546263639157e+00 -1.476934690112149e+00 8.125647633778247e-01
4 4 1.000000000000000e+00 1.000000000000000e+00 2.389999999999992e+00 4.184100418410057e-01 -2.237746561304288e+00 -1.468802750235240e+00 8.137845173105109e-01
4 4 1.000000000000000e+00 1.000000000000000e+00 2.399999999999991e+00 4.166666666666681e-01 -2.240980907791674e+00 -1.460659770545182e+00 8.147730465663349e-01
4 4 1.000000000000000e+00 1.000000000000000e+00 2.409999999999991e+00 4.149377593361011e-01 -2.244249202433184e+00 -1.452508053222087e+00 8.155324091353374e-01
4 4 1.000000000000000e+00 1.000000000000000e+00 2.419999999999991e+00 4.132231404958693e-01 -2.247551335887881e+00 -1.444349878543233e+00 8.160649258938811e-01
4 4 1.000000000000000e+00 1.000000000000000e+00 2.429999999999991e+00 4.115226337448575e-01 -2.250887190345408e+00 -1.436187502306021e+00 8.163731701622233e-01
4 4 1.000000000000000e+00 1.000000000000000e+00 2.439999999999991e+00 4.098360655737721e-01 -2.254256639736403e+00 -1.428023153357631e+00 8.164599568148948e-01
4 4 1.000000000000000e+00 1.000000000000000e+00 2.449999999999990e+00 4.081632653061241e-01 -2.257659549949361e+00 -1.419859031235581e+00 8.163283310004099e-01
4 4 1.000000000000000e+00 1.000000000000000e+00 2.459999999999990e+00 4.065040650406520e-01 -2.261095779053362e+00 -1.411697303922798e+00 8.159815565266806e-01
4 4 1.000000000000000e+00 1.000000000000000e+00 2.469999999999990e+00 4.048582995951434e-01 -2.264565177526061e+00 -1.403540105720293e+00 8.154231039679836e-01
4 4 1.000000000000000e+00 1.000000000000000e+00 2.479999999999990e+00 4.032258064516145e-01 -2.268067588486354e+00 -1.395389535239905e+00 8.146566385485069e-01
4 4 1.000000000000000e+00 1.000000000000000e+00 2.489999999999990e+00 4.016064257028129e-01 -2.271602847931144e+00 -1.387247653519118e+00 8.136860078563487e-01
4 4 1.000000000000000e+00 1.000000000000000e+00 2.499999999999989e+00 4.000000000000017e-01 -2.275170784975629e+00 -1.379116482259356e+00 8.125152294404600e-01
4 4 1.000000000000000e+00 1.000000000000000e+00 2.509999999999989e+00 3.984063745019937e-01 -2.278771222096533e+00 -1.370998002188698e+00 8.111484783413222e-01
4 4 1.000000000000000e+00 1.000000000000000e+00 2.519999999999989e+00 3.968253968253986e-01 -2.282403975377755e+00 -1.362894151549384e+00 8.095900746043280e-01
4 4 1.000000000000000e+00 1.000000000000000e+00 2.529999999999989e+00 3.952569169960492e-01 -2.286068854757855e+00 -1.354806824710111e+00 8.078444708226615e-01
4 4 1.000000000000000e+00 1.000000000000000e+00 2.539999999999988e+00 3.937007874015766e-01 -2.289765664278872e+00 -1.346737870902540e+00 8.059162397542947e-01
4 4 1.000000000000000e+00 1.000000000000000e+00 2.549999999999988e+00 3.921568627450999e-01 -2.293494202335963e+00 -1.338689093081101e+00 8.038100620552693e-01
4 4 1.000000000000000e+00 1.000000000000000e+00 2.559999999999988e+00 3.906250000000018e-01 -2.297254261927350e+00 -1.330662246904708e+00 8.015307141688836e-01
4 4 1.000000000000000e+00 1.000000000000000e+00 2.569999999999988e+00 3.891050583657606e-01 -2.301045630904106e+00 -1.322659039838655e+00 7.990830564078450e-01
4 4 1.000000000000000e+00 1.000000000000000e+00 2.579999999999988e+00 3.875968992248081e-01 -2.304868092219318e+00 -1.314681130374574e+00 7.964720212636601e-01
4 4 1.000000000000000e+00 1.000000000000000e+00 2.589999999999987e+00 3.861003861003880e-01 -2.308721424176187e+00 -1.306730127366039e+00 7.937026019748640e-01
4 4 1.000000000000000e+00 1.000000000000000e+00 2.599999999999987e+00 3.846153846153865e-01 -2.312605400674644e+00 -1.298807589477059e+00 7.907798413828595e-01
4 4 1.000000000000000e+00 1.000000000000000e+00 2.609999999999987e+00 3.831417624521092e-01 -2.316519791456074e+00 -1.290915024740484e+00 7.877088211013827e-01
4 4 1.000000000000000e+00 1.000000000000000e+00 2.619999999999987e+00 3.816793893129790e-01 -2.320464362345786e+00 -1.283053890223032e+00 7.844946510228435e-01
4 4 1.000000000000000e+00 1.000000000000000e+00 2.629999999999987e+00 3.802281368821312e-01 -2.324438875492854e+00 -1.275225591793494e+00 7.811424591820160e-01
4 4 1.000000000000000e+00 1.000000000000000e+00 2.639999999999986e+00 3.787878787878807e-01 -2.328443089607007e+00 -1.267431483990432e+00 7.776573819949280e-01
4 4 1.000000000000000e+00 1.000000000000000e+00 2.649999999999986e+00 3.773584905660397e-01 -2.332476760192245e+00 -1.259672869985550e+00 7.740445548881059e-01
4 4 1.000000000000000e+00 1.000000000000000e+00 2.659999999999986e+00 3.759398496240621e-01 -2.336539639776894e+00 -1.251951001638775e+00 7.703091033308311e-01
4 4 1.000000000000000e+00 1.000000000000000e+00 2.669999999999986e+00 3.745318352059945e-01 -2.340631478139829e+00 -1.244267079640944e+00 7.664561342805802e-01
4 4 1.000000000000000e+00 1.000000000000000e+00 2.679999999999986e+00 3.731343283582110e-01 -2.344752022532615e+00 -1.236622253739945e+00 7.624907280494612e-01
4 4 1.000000000000000e+00 1.000000000000000e+00 2.689999999999985e+00 3.717472118959128e-01 -2.348901017897342e+00 -1.229017623046061e+00 7.584179305972143e-01
4 4 1.000000000000000e+00 1.000000000000000e+00 2.699999999999985e+00 3.703703703703724e-01 -2.353078207079944e+00 -1.221454236412244e+00 7.542427462541923e-01
