# lattice: square
# precision: 15
# Lx Ly Jx Jy T 1/T F/N E/N C/N
8192 8192 1.000000000000000e+00 1.000000000000000e+00 2.000000000000000e+00 5.000000000000000e-01 -2.051585646047234e+00 -1.745564575312553e+00 7.248714486015762e-01
8192 8192 1.000000000000000e+00 1.000000000000000e+00 2.010000000000000e+00 4.975124378109453e-01 -2.053134003407164e+00 -1.738219111143207e+00 7.443423493151987e-01
8192 8192 1.000000000000000e+00 1.000000000000000e+00 2.020000000000000e+00 4.950495049504952e-01 -2.054719395181954e+00 -1.730675217124073e+00 7.645668296476690e-01
8192 8192 1.000000000000000e+00 1.000000000000000e+00 2.029999999999999e+00 4.926108374384238e-01 -2.056342639466540e+00 -1.722925063641480e+00 7.856048389257310e-01
8192 8192 1.000000000000000e+00 1.000000000000000e+00 2.039999999999999e+00 4.901960784313728e-01 -2.058004586400571e+00 -1.714960184027857e+00 8.075240454920682e-01
8192 8192 1.000000000000000e+00 1.000000000000000e+00 2.049999999999999e+00 4.878048780487808e-01 -2.059706121019560e+00 -1.706771390716255e+00 8.304012149614795e-01
8192 8192 1.000000000000000e+00 1.000000000000000e+00 2.059999999999999e+00 4.854368932038838e-01 -2.061448166495418e+00 -1.698348676069132e+00 8.543239106463933e-01
8192 8192 1.000000000000000e+00 1.000000000000000e+00 2.069999999999999e+00 4.830917874396139e-01 -2.063231687839861e+00 -1.689681094209394e+00 8.793926109653671e-01
8192 8192 1.000000000000000e+00 1.000000000000000e+00 2.079999999999998e+00 4.807692307692312e-01 -2.065057696162242e+00 -1.680756619072497e+00 9.057233728860886e-01
8192 8192 1.000000000000000e+00 1.000000000000000e+00 2.089999999999998e+00 4.784688995215315e-01 -2.066927253597304e+00 -1.671561972377098e+00 9.334512195946457e-01
8192 8192 1.000000000000000e+00 1.000000000000000e+00 2.099999999999998e+00 4.761904761904767e-01 -2.068841479049774e+00 -1.662082413094371e+00 9.627345023406541e-01
8192 8192 1.000000000000000e+00 1.000000000000000e+00 2.109999999999998e+00 4.739336492891000e-01 -2.070801554945525e+00 -1.652301476998586e+00 9.937605932172846e-01
8192 8192 1.000000000000000e+00 1.000000000000000e+00 2.119999999999997e+00 4.716981132075477e-01 -2.072808735237133e+00 -1.642200650560062e+00 1.026753428014831e+00
8192 8192 1.000000000000000e+00 1.000000000000000e+00 2.129999999999997e+00 4.694835680751180e-01 -2.074864354993068e+00 -1.631758957081925e+00 1.061983671034774e+00
8192 8192 1.000000000000000e+00 1.000000000000000e+00 2.139999999999997e+00 4.672897196261689e-01 -2.076969842014941e+00 -1.620952423405132e+00 1.099782677708085e+00
8192 8192 1.000000000000000e+00 1.000000000000000e+00 2.149999999999997e+00 4.651162790697682e-01 -2.079126731094804e+00 -1.609753380705652e+00 1.140562096069460e+00
8192 8192 1.000000000000000e+00 1.000000000000000e+00 2.159999999999997e+00 4.629629629629637e-01 -2.081336681774008e+00 -1.598129529347241e+00 1.184842081523399e+00
8192 8192 1.000000000000000e+00 1.000000000000000e+00 2.169999999999996e+00 4.608294930875584e-01 -2.083601500847271e+00 -1.586042658953150e+00 1.233293107631573e+00
8192 8192 1.000000000000000e+00 1.000000000000000e+00 2.179999999999996e+00 4.587155963302760e-01 -2.085923171461640e+00 -1.573446848385258e+00 1.286800080554682e+00
8192 8192 1.000000000000000e+00 1.000000000000000e+00 2.189999999999996e+00 4.566210045662109e-01 -2.088303891658908e+00 -1.560285851001370e+00 1.346564756512771e+00
8192 8192 1.000000000000000e+00 1.000000000000000e+00 2.199999999999996e+00 4.545454545454554e-01 -2.090746126936404e+00 -1.546489144098465e+00 1.414277691343220e+00
8192 8192 1.000000000000000e+00 1.000000000000000e+00 2.209999999999996e+00 4.524886877828063e-01 -2.093252684560329e+00 -1.531965661265006e+00 1.492425393700186e+00
8192 8192 1.000000000000000e+00 1.000000000000000e+00 2.219999999999995e+00 4.504504504504514e-01 -2.095826823578965e+00 -1.516593207560968e+00 1.584884468874396e+00
8192 8192 1.000000000000000e+00 1.000000000000000e+00 2.229999999999995e+00 4.484304932735436e-01 -2.098472427885663e+00 -1.500199035845855e+00 1.698200114101089e+00
8192 8192 1.000000000000000e+00 1.000000000000000e+00 2.239999999999995e+00 4.464285714285725e-01 -2.101194302461891e+00 -1.482519791978825e+00 1.844786546418516e+00
8192 8192 1.000000000000000e+00 1.000000000000000e+00 2.249999999999995e+00 4.444444444444455e-01 -2.103998749194179e+00 -1.463102732587119e+00 2.053077025387584e+00
8192 8192 1.000000000000000e+00 1.000000000000000e+00 2.259999999999994e+00 4.424778761061958e-01 -2.106894962543119e+00 -1.440968601944638e+00 2.418038021641524e+00
8192 8192 1.000000000000000e+00 1.000000000000000e+00 2.269999999999994e+00 4.405286343612346e-01 -2.109901459176977e+00 -1.410869704022486e+00 3.647345470419848e+00
8192 8192 1.000000000000000e+00 1.000000000000000e+00 2.279999999999994e+00 4.385964912280713e-01 -2.113044772191227e+00 -1.383582716170005e+00 2.338146517991168e+00
8192 8192 1.000000000000000e+00 1.000000000000000e+00 2.289999999999994e+00 4.366812227074248e-01 -2.116292611402723e+00 -1.361991216994269e+00 2.015276646470905e+00
8192 8192 1.000000000000000e+00 1.000000000000000e+00 2.299999999999994e+00 4.347826086956534e-01 -2.119628899001085e+00 -1.342866387695936e+00 1.822368686123087e+00
8192 8192 1.000000000000000e+00 1.000000000000000e+00 2.309999999999993e+00 4.329004329004341e-01 -2.123044618664635e+00 -1.325364028912175e+00 1.684623947498848e+00
8192 8192 1.000000000000000e+00 1.000000000000000e+00 2.319999999999993e+00 4.310344827586219e-01 -2.126533378551650e+00 -1.309072778200027e+00 1.577596619463389e+00
8192 8192 1.000000000000000e+00 1.000000000000000e+00 2.329999999999993e+00 4.291845493562245e-01 -2.130090211127161e+00 -1.293747218989204e+00 1.490186727239332e+00
8192 8192 1.000000000000000e+00 1.000000000000000e+00 2.339999999999993e+00 4.273504273504287e-01 -2.133711051214297e+00 -1.279223865345056e+00 1.416404644388144e+00
8192 8192 1.000000000000000e+00 1.000000000000000e+00 2.349999999999993e+00 4.255319148936184e-01 -2.137392459168613e+00 -1.265385845483669e+00 1.352646902731915e+00
8192 8192 1.000000000000000e+00 1.000000000000000e+00 2.359999999999992e+00 4.237288135593234e-01 -2.141131455673789e+00 -1.252145384230342e+00 1.296575654578773e+00
8192 8192 1.000000000000000e+00 1.000000000000000e+00 2.369999999999992e+00 4.219409282700436e-01 -2.144925414974159e+00 -1.239434104995661e+00 1.246587368582296e+00
8192 8192 1.000000000000000e+00 1.000000000000000e+00 2.379999999999992e+00 4.201680672268922e-01 -2.148771991762236e+00 -1.227197219210993e+00 1.201534066407140e+00
8192 8192 1.000000000000000e+00 1.000000000000000e+00 2.389999999999992e+00 4.184100418410057e-01 -2.152669068854392e+00 -1.215389830073341e+00 1.160565471391164e+00
8192 8192 1.000000000000000e+00 1.000000000000000e+00 2.399999999999991e+00 4.166666666666681e-01 -2.156614718416960e+00 -1.203974467914580e+00 1.123034124669891e+00
8192 8192 1.000000000000000e+00 1.000000000000000e+00 2.409999999999991e+00 4.149377593361011e-01 -2.160607172411242e+00 -1.192919383070288e+00 1.088435539236239e+00
8192 8192 1.000000000000000e+00 1.000000000000000e+00 2.419999999999991e+00 4.132231404958693e-01 -2.164644799532979e+00 -1.182197325679984e+00 1.056368926298460e+00
8192 8192 1.000000000000000e+00 1.000000000000000e+00 2.429999999999991e+00 4.115226337448575e-01 -2.168726086862008e+00 -1.171784650182847e+00 1.026510549896067e+00
8192 8192 1.000000000000000e+00 1.000000000000000e+00 2.439999999999991e+00 4.098360655737721e-01 -2.172849625012909e+00 -1.161660643133156e+00 9.985951294295589e-01
8192 8192 1.000000000000000e+00 1.000000000000000e+00 2.449999999999990e+00 4.081632653061241e-01 -2.177014095943099e+00 -1.151807008735576e+00 9.724025381025996e-01
8192 8192 1.000000000000000e+00 1.000000000000000e+00 2.459999999999990e+00 4.065040650406520e-01 -2.181218262815487e+00 -1.142207468356525e+00 9.477480843105742e-01
8192 8192 1.000000000000000e+00 1.000000000000000e+00 2.469999999999990e+00 4.048582995951434e-01 -2.185460961475040e+00 -1.132847444070980e+00 9.244752765411374e-01
8192 8192 1.000000000000000e+00 1.000000000000000e+00 2.479999999999990e+00 4.032258064516145e-01 -2.189741093211130e+00 -1.123713805277165e+00 9.024503469085504e-01
8192 8192 1.000000000000000e+00 1.000000000000000e+00 2.489999999999990e+00 4.016064257028129e-01 -2.194057618557267e+00 -1.114794663395094e+00 8.815580439015696e-01
8192 8192 1.000000000000000e+00 1.000000000000000e+00 2.499999999999989e+00 4.000000000000017e-01 -2.198409551937367e+00 -1.106079203745800e+00 8.616983568307864e-01
8192 8192 1.000000000000000e+00 1.000000000000000e+00 2.509999999999989e+00 3.984063745019937e-01 -2.202795957009563e+00 -1.097557546548073e+00 8.427839347598430e-01
8192 8192 1.000000000000000e+00 1.000000000000000e+00 2.519999999999989e+00 3.968253968253986e-01 -2.207215942590551e+00 -1.089220630982110e+00 8.247380303201185e-01
8192 8192 1.000000000000000e+00 1.000000000000000e+00 2.529999999999989e+00 3.952569169960492e-01 -2.211668659066639e+00 -1.081060117718980e+00 8.074928452542345e-01
8192 8192 1.000000000000000e+00 1.000000000000000e+00 2.539999999999988e+00 3.937007874015766e-01 -2.216153295216433e+00 -1.073068306374688e+00 7.909881869879940e-01
8192 8192 1.000000000000000e+00 1.000000000000000e+00 2.549999999999988e+00 3.921568627450999e-01 -2.220669075383747e+00 -1.065238065133055e+00 7.751703685623949e-01
8192 8192 1.000000000000000e+00 1.000000000000000e+00 2.559999999999988e+00 3.906250000000018e-01 -2.225215256950744e+00 -1.057562770370964e+00 7.599913008379945e-01
8192 8192 1.000000000000000e+00 1.000000000000000e+00 2.569999999999988e+00 3.891050583657606e-01 -2.229791128069596e+00 -1.050036254566773e+00 7.454077379776025e-01
8192 8192 1.000000000000000e+00 1.000000000000000e+00 2.579999999999988e+00 3.875968992248081e-01 -2.234396005618461e+00 -1.042652761115875e+00 7.313806461410083e-01
8192 8192 1.000000000000000e+00 1.000000000000000e+00 2.589999999999987e+00 3.861003861003880e-01 -2.239029233352656e+00 -1.035406904943055e+00 7.178746719912613e-01
8192 8192 1.000000000000000e+00 1.000000000000000e+00 2.599999999999987e+00 3.846153846153865e-01 -2.243690180226833e+00 -1.028293638009024e+00 7.048576926395439e-01
8192 8192 1.000000000000000e+00 1.000000000000000e+00 2.609999999999987e+00 3.831417624521092e-01 -2.248378238867374e+00 -1.021308218972269e+00 6.923004324860710e-01
8192 8192 1.000000000000000e+00 1.000000000000000e+00 2.619999999999987e+00 3.816793893129790e-01 -2.253092824177493e+00 -1.014446186397334e+00 6.801761353574928e-01
8192 8192 1.000000000000000e+00 1.000000000000000e+00 2.629999999999987e+00 3.802281368821312e-01 -2.257833372060033e+00 -1.007703335004948e+00 6.684602826234641e-01
8192 8192 1.000000000000000e+00 1.000000000000000e+00 2.639999999999986e+00 3.787878787878807e-01 -2.262599338244730e+00 -1.001075694543056e+00 6.571303497571638e-01
8192 8192 1.000000000000000e+00 1.000000000000000e+00 2.649999999999986e+00 3.773584905660397e-01 -2.267390197209069e+00 -9.945595109261256e-01 6.461655952079447e-01
8192 8192 1.000000000000000e+00 1.000000000000000e+00 2.659999999999986e+00 3.759398496240621e-01 -2.272205441182666e+00 -9.881512293454420e-01 6.355468765662934e-01
8192 8192 1.000000000000000e+00 1.000000000000000e+00 2.669999999999986e+00 3.745318352059945e-01 -2.277044579226899e+00 -9.818474790988643e-01 6.252564898887861e-01
8192 8192 1.000000000000000e+00 1.000000000000000e+00 2.679999999999986e+00 3.731343283582110e-01 -2.281907136382211e+00 -9.756450599260207e-01 6.152780287630673e-01
8192 8192 1.000000000000000e+00 1.000000000000000e+00 2.689999999999985e+00 3.717472118959128e-01 -2.286792652876672e+00 -9.695409296662205e-01 6.055962602682718e-01
8192 8192 1.000000000000000e+00 1.000000000000000e+00 2.699999999999985e+00 3.703703703703724e-01 -2.291700683389907e+00 -9.635321930823562e-01 5.961970154537700e-01
