# lattice: square
# precision: 15
# Lx Ly Jx Jy T 1/T F/N E/N C/N
262144 262144 1.000000000000000e+00 1.000000000000000e+00 2.000000000000000e+00 5.000000000000000e-01 -2.051585625409997e+00 -1.745564575312557e+00 7.248714486015873e-01
262144 262144 1.000000000000000e+00 1.000000000000000e+00 2.010000000000000e+00 4.975124378109453e-01 -2.053133982666750e+00 -1.738219111143204e+00 7.443423493152238e-01
262144 262144 1.000000000000000e+00 1.000000000000000e+00 2.020000000000000e+00 4.950495049504952e-01 -2.054719374338354e+00 -1.730675217124078e+00 7.645668296476785e-01
262144 262144 1.000000000000000e+00 1.000000000000000e+00 2.029999999999999e+00 4.926108374384238e-01 -2.056342618519762e+00 -1.722925063641480e+00 7.856048389257430e-01
262144 262144 1.000000000000000e+00 1.000000000000000e+00 2.039999999999999e+00 4.901960784313728e-01 -2.058004565350622e+00 -1.714960184027858e+00 8.075240454920453e-01
262144 262144 1.000000000000000e+00 1.000000000000000e+00 2.049999999999999e+00 4.878048780487808e-01 -2.059706099866399e+00 -1.706771390716260e+00 8.304012149614759e-01
262144 262144 1.000000000000000e+00 1.000000000000000e+00 2.059999999999999e+00 4.854368932038838e-01 -2.061448145239074e+00 -1.698348676069132e+00 8.543239106463877e-01
262144 262144 1.000000000000000e+00 1.000000000000000e+00 2.069999999999999e+00 4.830917874396139e-01 -2.063231666480327e+00 -1.689681094209394e+00 8.793926109653666e-01
262144 262144 1.000000000000000e+00 1.000000000000000e+00 2.079999999999998e+00 4.807692307692312e-01 -2.065057674699526e+00 -1.680756619072498e+00 9.057233728860817e-01
262144 262144 1.000000000000000e+00 1.000000000000000e+00 2.089999999999998e+00 4.784688995215315e-01 -2.066927232031412e+00 -1.671561972377103e+00 9.334512195946667e-01
262144 262144 1.000000000000000e+00 1.000000000000000e+00 2.099999999999998e+00 4.761904761904767e-01 -2.068841457380706e+00 -1.662082413094370e+00 9.627345023406556e-01
262144 262144 1.000000000000000e+00 1.000000000000000e+00 2.109999999999998e+00 4.739336492891000e-01 -2.070801533173253e+00 -1.652301476998587e+00 9.937605932172671e-01
262144 262144 1.000000000000000e+00 1.000000000000000e+00 2.119999999999997e+00 4.716981132075477e-01 -2.072808713361670e+00 -1.642200650560066e+00 1.026753428014829e+00
262144 262144 1.000000000000000e+00 1.000000000000000e+00 2.129999999999997e+00 4.694835680751180e-01 -2.074864333014418e+00 -1.631758957081923e+00 1.061983671034756e+00
262144 262144 1.000000000000000e+00 1.000000000000000e+00 2.139999999999997e+00 4.672897196261689e-01 -2.076969819933093e+00 -1.620952423405132e+00 1.099782677708093e+00
262144 262144 1.000000000000000e+00 1.000000000000000e+00 2.149999999999997e+00 4.651162790697682e-01 -2.079126708909794e+00 -1.609753380705647e+00 1.140562096069464e+00
262144 262144 1.000000000000000e+00 1.000000000000000e+00 2.159999999999997e+00 4.629629629629637e-01 -2.081336659485806e+00 -1.598129529347243e+00 1.184842081523390e+00
262144 262144 1.000000000000000e+00 1.000000000000000e+00 2.169999999999996e+00 4.608294930875584e-01 -2.083601478455877e+00 -1.586042658953151e+00 1.233293107631583e+00
262144 262144 1.000000000000000e+00 1.000000000000000e+00 2.179999999999996e+00 4.587155963302760e-01 -2.085923148967082e+00 -1.573446848385261e+00 1.286800080554682e+00
262144 262144 1.000000000000000e+00 1.000000000000000e+00 2.189999999999996e+00 4.566210045662109e-01 -2.088303869061175e+00 -1.560285851001369e+00 1.346564756512791e+00
262144 262144 1.000000000000000e+00 1.000000000000000e+00 2.199999999999996e+00 4.545454545454554e-01 -2.090746104235476e+00 -1.546489144098465e+00 1.414277691343198e+00
262144 262144 1.000000000000000e+00 1.000000000000000e+00 2.209999999999996e+00 4.524886877828063e-01 -2.093252661756186e+00 -1.531965661265004e+00 1.492425393700209e+00
262144 262144 1.000000000000000e+00 1.000000000000000e+00 2.219999999999995e+00 4.504504504504514e-01 -2.095826800671658e+00 -1.516593207560968e+00 1.584884468874369e+00
262144 262144 1.000000000000000e+00 1.000000000000000e+00 2.229999999999995e+00 4.484304932735436e-01 -2.098472404875142e+00 -1.500199035845853e+00 1.698200114101070e+00
262144 262144 1.000000000000000e+00 1.000000000000000e+00 2.239999999999995e+00 4.464285714285725e-01 -2.101194279348178e+00 -1.482519791978825e+00 1.844786546418512e+00
262144 262144 1.000000000000000e+00 1.000000000000000e+00 2.249999999999995e+00 4.444444444444455e-01 -2.103998725977305e+00 -1.463102732587120e+00 2.053077025387561e+00
262144 262144 1.000000000000000e+00 1.000000000000000e+00 2.259999999999994e+00 4.424778761061958e-01 -2.106894939223048e+00 -1.440968601944635e+00 2.418038021641888e+00
262144 262144 1.000000000000000e+00 1.000000000000000e+00 2.269999999999994e+00 4.405286343612346e-01 -2.109901458786352e+00 -1.410864432989530e+00 3.616401938676971e+00
262144 262144 1.000000000000000e+00 1.000000000000000e+00 2.279999999999994e+00 4.385964912280713e-01 -2.113044772191228e+00 -1.383582716170002e+00 2.338146517990759e+00
262144 262144 1.000000000000000e+00 1.000000000000000e+00 2.289999999999994e+00 4.366812227074248e-01 -2.116292611402749e+00 -1.361991216994268e+00 2.015276646470930e+00
262144 262144 1.000000000000000e+00 1.000000000000000e+00 2.299999999999994e+00 4.347826086956534e-01 -2.119628899001096e+00 -1.342866387695933e+00 1.822368686123095e+00
262144 262144 1.000000000000000e+00 1.000000000000000e+00 2.309999999999993e+00 4.329004329004341e-01 -2.123044618664622e+00 -1.325364028912175e+00 1.684623947498859e+00
262144 262144 1.000000000000000e+00 1.000000000000000e+00 2.319999999999993e+00 4.310344827586219e-01 -2.126533378551596e+00 -1.309072778200027e+00 1.577596619463405e+00
262144 262144 1.000000000000000e+00 1.000000000000000e+00 2.329999999999993e+00 4.291845493562245e-01 -2.130090211127192e+00 -1.293747218989203e+00 1.490186727239357e+00
262144 262144 1.000000000000000e+00 1.000000000000000e+00 2.339999999999993e+00 4.273504273504287e-01 -2.133711051214313e+00 -1.279223865345054e+00 1.416404644388119e+00
262144 262144 1.000000000000000e+00 1.000000000000000e+00 2.349999999999993e+00 4.255319148936184e-01 -2.137392459168629e+00 -1.265385845483669e+00 1.352646902731896e+00
262144 262144 1.000000000000000e+00 1.000000000000000e+00 2.359999999999992e+00 4.237288135593234e-01 -2.141131455673768e+00 -1.252145384230337e+00 1.296575654578764e+00
262144 262144 1.000000000000000e+00 1.000000000000000e+00 2.369999999999992e+00 4.219409282700436e-01 -2.144925414974150e+00 -1.239434104995664e+00 1.246587368582346e+00
262144 262144 1.000000000000000e+00 1.000000000000000e+00 2.379999999999992e+00 4.201680672268922e-01 -2.148771991762263e+00 -1.227197219210995e+00 1.201534066407150e+00
262144 262144 1.000000000000000e+00 1.000000000000000e+00 2.389999999999992e+00 4.184100418410057e-01 -2.152669068854370e+00 -1.215389830073344e+00 1.160565471391138e+00
262144 262144 1.000000000000000e+00 1.000000000000000e+00 2.399999999999991e+00 4.166666666666681e-01 -2.156614718416945e+00 -1.203974467914585e+00 1.123034124669897e+00
262144 262144 1.000000000000000e+00 1.000000000000000e+00 2.409999999999991e+00 4.149377593361011e-01 -2.160607172411227e+00 -1.192919383070286e+00 1.088435539236221e+00
262144 262144 1.000000000000000e+00 1.000000000000000e+00 2.419999999999991e+00 4.132231404958693e-01 -2.164644799532986e+00 -1.182197325679980e+00 1.056368926298479e+00
262144 262144 1.000000000000000e+00 1.000000000000000e+00 2.429999999999991e+00 4.115226337448575e-01 -2.168726086861986e+00 -1.171784650182854e+00 1.026510549896062e+00
262144 262144 1.000000000000000e+00 1.000000000000000e+00 2.439999999999991e+00 4.098360655737721e-01 -2.172849625012919e+00 -1.161660643133163e+00 9.985951294295561e-01
262144 262144 1.000000000000000e+00 1.000000000000000e+00 2.449999999999990e+00 4.081632653061241e-01 -2.177014095943153e+00 -1.151807008735571e+00 9.724025381026101e-01
262144 262144 1.000000000000000e+00 1.000000000000000e+00 2.459999999999990e+00 4.065040650406520e-01 -2.181218262815496e+00 -1.142207468356517e+00 9.477480843106114e-01
262144 262144 1.000000000000000e+00 1.000000000000000e+00 2.469999999999990e+00 4.048582995951434e-01 -2.185460961475029e+00 -1.132847444070977e+00 9.244752765411418e-01
262144 262144 1.000000000000000e+00 1.000000000000000e+00 2.479999999999990e+00 4.032258064516145e-01 -2.189741093211106e+00 -1.123713805277157e+00 9.024503469085354e-01
262144 262144 1.000000000000000e+00 1.000000000000000e+00 2.489999999999990e+00 4.016064257028129e-01 -2.194057618557272e+00 -1.114794663395088e+00 8.815580439015578e-01
262144 262144 1.000000000000000e+00 1.000000000000000e+00 2.499999999999989e+00 4.000000000000017e-01 -2.198409551937333e+00 -1.106079203745807e+00 8.616983568307794e-01
262144 262144 1.000000000000000e+00 1.000000000000000e+00 2.509999999999989e+00 3.984063745019937e-01 -2.202795957009573e+00 -1.097557546548068e+00 8.427839347598350e-01
262144 262144 1.000000000000000e+00 1.000000000000000e+00 2.519999999999989e+00 3.968253968253986e-01 -2.207215942590600e+00 -1.089220630982099e+00 8.247380303201391e-01
262144 262144 1.000000000000000e+00 1.000000000000000e+00 2.529999999999989e+00 3.952569169960492e-01 -2.211668659066650e+00 -1.081060117718975e+00 8.074928452542411e-01
262144 262144 1.000000000000000e+00 1.000000000000000e+00 2.539999999999988e+00 3.937007874015766e-01 -2.216153295216434e+00 -1.073068306374689e+00 7.909881869879883e-01
262144 262144 1.000000000000000e+00 1.000000000000000e+00 2.549999999999988e+00 3.921568627450999e-01 -2.220669075383769e+00 -1.065238065133050e+00 7.751703685623806e-01
262144 262144 1.000000000000000e+00 1.000000000000000e+00 2.559999999999988e+00 3.906250000000018e-01 -2.225215256950720e+00 -1.057562770370970e+00 7.599913008379777e-01
262144 262144 1.000000000000000e+00 1.000000000000000e+00 2.569999999999988e+00 3.891050583657606e-01 -2.229791128069668e+00 -1.050036254566774e+00 7.454077379776203e-01
262144 262144 1.000000000000000e+00 1.000000000000000e+00 2.579999999999988e+00 3.875968992248081e-01 -2.234396005618442e+00 -1.042652761115872e+00 7.313806461410116e-01
262144 262144 1.000000000000000e+00 1.000000000000000e+00 2.589999999999987e+00 3.861003861003880e-01 -2.239029233352701e+00 -1.035406904943045e+00 7.178746719912488e-01
262144 262144 1.000000000000000e+00 1.000000000000000e+00 2.599999999999987e+00 3.846153846153865e-01 -2.243690180226846e+00 -1.028293638009020e+00 7.048576926395554e-01
262144 262144 1.000000000000000e+00 1.000000000000000e+00 2.609999999999987e+00 3.831417624521092e-01 -2.248378238867397e+00 -1.021308218972262e+00 6.923004324860762e-01
262144 262144 1.000000000000000e+00 1.000000000000000e+00 2.619999999999987e+00 3.816793893129790e-01 -2.253092824177489e+00 -1.014446186397329e+00 6.801761353574990e-01
262144 262144 1.000000000000000e+00 1.000000000000000e+00 2.629999999999987e+00 3.802281368821312e-01 -2.257833372060031e+00 -1.007703335004945e+00 6.684602826234796e-01
262144 262144 1.000000000000000e+00 1.000000000000000e+00 2.639999999999986e+00 3.787878787878807e-01 -2.262599338244704e+00 -1.001075694543049e+00 6.571303497571627e-01
262144 262144 1.000000000000000e+00 1.000000000000000e+00 2.649999999999986e+00 3.773584905660397e-01 -2.267390197209043e+00 -9.945595109261265e-01 6.461655952079621e-01
262144 262144 1.000000000000000e+00 1.000000000000000e+00 2.659999999999986e+00 3.759398496240621e-01 -2.272205441182678e+00 -9.881512293454344e-01 6.355468765663050e-01
262144 262144 1.000000000000000e+00 1.000000000000000e+00 2.669999999999986e+00 3.745318352059945e-01 -2.277044579226897e+00 -9.818474790988689e-01 6.252564898887636e-01
262144 262144 1.000000000000000e+00 1.000000000000000e+00 2.679999999999986e+00 3.731343283582110e-01 -2.281907136382213e+00 -9.756450599260260e-01 6.152780287630792e-01
262144 262144 1.000000000000000e+00 1.000000000000000e+00 2.689999999999985e+00 3.717472118959128e-01 -2.286792652876674e+00 -9.695409296662278e-01 6.055962602682774e-01
262144 262144 1.000000000000000e+00 1.000000000000000e+00 2.699999999999985e+00 3.703703703703724e-01 -2.291700683389928e+00 -9.635321930823644e-01 5.961970154537697e-01
